              precision    recall  f1-score   support

           0       0.69      0.65      0.67      1989
           1       0.70      0.78      0.74      1981
           2       0.54      0.43      0.48      2042
           3       0.45      0.45      0.45      2011
           4       0.49      0.59      0.54      2009
           5       0.53      0.47      0.50      1925
           6       0.59      0.75      0.66      2038
           7       0.69      0.68      0.68      2027
           8       0.76      0.72      0.74      2012
           9       0.72      0.61      0.66      1966

    accuracy                           0.61     20000
   macro avg       0.62      0.61      0.61     20000
weighted avg       0.62      0.61      0.61     20000
