              precision    recall  f1-score   support

           0       0.73      0.74      0.74      3986
           1       0.85      0.84      0.85      3986
           2       0.69      0.50      0.58      4048
           3       0.62      0.45      0.52      3984
           4       0.62      0.69      0.66      4003
           5       0.61      0.68      0.64      3975
           6       0.66      0.87      0.75      4020
           7       0.74      0.79      0.77      4023
           8       0.88      0.75      0.81      3997
           9       0.77      0.85      0.81      3978

    accuracy                           0.72     40000
   macro avg       0.72      0.72      0.71     40000
weighted avg       0.72      0.72      0.71     40000
