              precision    recall  f1-score   support

           0       0.58      0.77      0.66       505
           1       0.74      0.78      0.76       460
           2       0.54      0.59      0.57       519
           3       0.51      0.58      0.54       486
           4       0.60      0.52      0.56       519
           5       0.71      0.47      0.57       488
           6       0.66      0.73      0.70       519
           7       0.79      0.62      0.69       486
           8       0.70      0.71      0.70       520
           9       0.75      0.72      0.73       498

    accuracy                           0.65      5000
   macro avg       0.66      0.65      0.65      5000
weighted avg       0.66      0.65      0.65      5000
