              precision    recall  f1-score   support

           0       0.69      0.21      0.32       505
           1       0.36      0.84      0.50       460
           2       0.53      0.18      0.27       519
           3       0.51      0.24      0.33       486
           4       0.45      0.27      0.34       519
           5       0.32      0.51      0.39       488
           6       0.42      0.55      0.48       519
           7       0.43      0.57      0.49       486
           8       0.44      0.61      0.51       520
           9       0.57      0.26      0.36       498

    accuracy                           0.42      5000
   macro avg       0.47      0.42      0.40      5000
weighted avg       0.47      0.42      0.40      5000
