              precision    recall  f1-score   support

           0       0.71      0.66      0.68      3986
           1       0.69      0.85      0.76      3986
           2       0.65      0.41      0.50      4048
           3       0.49      0.44      0.46      3984
           4       0.53      0.64      0.58      4003
           5       0.55      0.56      0.55      3975
           6       0.73      0.67      0.70      4020
           7       0.64      0.73      0.68      4023
           8       0.78      0.73      0.75      3997
           9       0.67      0.71      0.69      3978

    accuracy                           0.64     40000
   macro avg       0.64      0.64      0.64     40000
weighted avg       0.64      0.64      0.64     40000
