              precision    recall  f1-score   support

           0       0.68      0.64      0.66       505
           1       0.76      0.76      0.76       460
           2       0.59      0.49      0.54       519
           3       0.60      0.52      0.56       486
           4       0.57      0.60      0.58       519
           5       0.55      0.69      0.61       488
           6       0.71      0.67      0.69       519
           7       0.73      0.68      0.71       486
           8       0.74      0.72      0.73       520
           9       0.63      0.79      0.70       498

    accuracy                           0.65      5000
   macro avg       0.66      0.66      0.65      5000
weighted avg       0.66      0.65      0.65      5000
