              precision    recall  f1-score   support

           0       0.44      0.37      0.40       505
           1       0.34      0.73      0.47       460
           2       0.33      0.13      0.19       519
           3       0.28      0.30      0.29       486
           4       0.34      0.23      0.27       519
           5       0.49      0.03      0.07       488
           6       0.33      0.64      0.44       519
           7       0.46      0.40      0.43       486
           8       0.41      0.49      0.45       520
           9       0.44      0.37      0.40       498

    accuracy                           0.37      5000
   macro avg       0.39      0.37      0.34      5000
weighted avg       0.39      0.37      0.34      5000
