              precision    recall  f1-score   support

           0       0.73      0.56      0.63       505
           1       0.79      0.69      0.74       460
           2       0.56      0.48      0.52       519
           3       0.55      0.48      0.51       486
           4       0.47      0.66      0.55       519
           5       0.57      0.62      0.60       488
           6       0.69      0.62      0.65       519
           7       0.62      0.68      0.65       486
           8       0.74      0.72      0.73       520
           9       0.65      0.74      0.69       498

    accuracy                           0.63      5000
   macro avg       0.64      0.63      0.63      5000
weighted avg       0.64      0.63      0.63      5000
