              precision    recall  f1-score   support

           0       0.53      0.61      0.57       505
           1       0.55      0.72      0.62       460
           2       0.43      0.50      0.46       519
           3       0.41      0.45      0.43       486
           4       0.65      0.25      0.36       519
           5       0.43      0.64      0.51       488
           6       0.66      0.47      0.55       519
           7       0.64      0.53      0.58       486
           8       0.64      0.62      0.63       520
           9       0.61      0.59      0.60       498

    accuracy                           0.54      5000
   macro avg       0.55      0.54      0.53      5000
weighted avg       0.56      0.54      0.53      5000
