              precision    recall  f1-score   support

           0       0.61      0.74      0.67      1005
           1       0.79      0.78      0.78       974
           2       0.56      0.53      0.54      1032
           3       0.64      0.41      0.50      1016
           4       0.52      0.65      0.58       999
           5       0.59      0.63      0.61       937
           6       0.69      0.73      0.71      1030
           7       0.72      0.73      0.72      1001
           8       0.75      0.72      0.73      1025
           9       0.81      0.71      0.75       981

    accuracy                           0.66     10000
   macro avg       0.67      0.66      0.66     10000
weighted avg       0.67      0.66      0.66     10000
