              precision    recall  f1-score   support

           0       0.62      0.64      0.63      1005
           1       0.80      0.68      0.73       974
           2       0.46      0.46      0.46      1032
           3       0.49      0.30      0.37      1016
           4       0.42      0.62      0.50       999
           5       0.51      0.53      0.52       937
           6       0.59      0.66      0.62      1030
           7       0.63      0.63      0.63      1001
           8       0.71      0.66      0.68      1025
           9       0.72      0.68      0.70       981

    accuracy                           0.58     10000
   macro avg       0.59      0.59      0.59     10000
weighted avg       0.59      0.58      0.58     10000
