              precision    recall  f1-score   support

           0       0.55      0.68      0.61       505
           1       0.69      0.70      0.69       460
           2       0.46      0.42      0.44       519
           3       0.50      0.50      0.50       486
           4       0.42      0.62      0.50       519
           5       0.67      0.35      0.46       488
           6       0.59      0.67      0.63       519
           7       0.64      0.59      0.61       486
           8       0.76      0.54      0.63       520
           9       0.65      0.70      0.67       498

    accuracy                           0.58      5000
   macro avg       0.59      0.58      0.57      5000
weighted avg       0.59      0.58      0.57      5000
