              precision    recall  f1-score   support

           0       0.76      0.67      0.71      1989
           1       0.83      0.79      0.81      1981
           2       0.67      0.46      0.54      2042
           3       0.57      0.49      0.52      2011
           4       0.52      0.71      0.60      2009
           5       0.63      0.59      0.61      1925
           6       0.66      0.83      0.74      2038
           7       0.73      0.76      0.75      2027
           8       0.79      0.77      0.78      2012
           9       0.72      0.79      0.76      1966

    accuracy                           0.68     20000
   macro avg       0.69      0.68      0.68     20000
weighted avg       0.69      0.68      0.68     20000
