              precision    recall  f1-score   support

           0       0.71      0.53      0.61       505
           1       0.70      0.77      0.73       460
           2       0.61      0.55      0.58       519
           3       0.58      0.57      0.57       486
           4       0.55      0.60      0.58       519
           5       0.59      0.64      0.61       488
           6       0.66      0.74      0.70       519
           7       0.73      0.63      0.68       486
           8       0.78      0.64      0.70       520
           9       0.62      0.80      0.70       498

    accuracy                           0.65      5000
   macro avg       0.65      0.65      0.65      5000
weighted avg       0.65      0.65      0.65      5000
